1.429 
1.429 
1.428 
1.427 
1.427 
1.426 
1.425 
1.425 
1.424 
1.424 
1.424 
1.423 
1.423 
1.422 
1.422 
1.422 
1.422 
1.422 
1.422 
1.421 
1.421 
1.421 
1.421 
1.421 
1.421 
1.421 
1.421 
1.421 
1.421 
1.421 
1.421 
1.421 
1.421 
1.421 
1.421 
1.421 
1.421 
1.421 
1.421 
1.421 
1.421 
1.421 
1.421 
1.421 
1.421 
1.421 
1.421 
1.421 
1.421 
1.421 
1.421 
1.421 
1.421 
1.421 
1.421 
1.421 
1.421 
1.421 
1.421 
1.421 
1.421 
1.421 
1.421 
1.421 
1.421 
1.421 
1.421 
1.421 
1.421 
1.421 
1.421 
1.421 
1.421 
1.42 
1.42 
1.42 
1.42 
1.42 
1.42 
1.42 
1.42 
1.42 
1.42 
1.42 
1.419 
1.419 
1.419 
1.419 
1.419 
1.419 
1.419 
1.419 
1.419 
1.419 
1.419 
1.419 
1.419 
1.419 
1.419 
1.419 
1.419 
1.419 
1.419 
1.419 
1.419 
1.419 
1.419 
1.419 
1.419 
1.419 
1.418 
1.418 
1.418 
1.418 
1.418 
1.418 
1.418 
1.418 
1.418 
1.418 
1.418 
1.418 
1.418 
1.418 
1.418 
1.418 
1.418 
1.418 
1.418 
1.418 
1.418 
1.418 
1.418 
1.418 
1.418 
1.418 
1.417 
1.417 
1.417 
1.417 
1.417 
1.417 
1.417 
1.417 
1.417 
1.417 
1.417 
1.417 
1.417 
1.417 
1.417 
1.417 
1.417 
1.417 
1.417 
1.417 
1.417 
1.416 
1.416 
1.416 
1.416 
1.416 
1.416 
1.416 
1.416 
1.416 
1.416 
1.416 
1.416 
1.416 
1.416 
1.416 
1.416 
1.416 
1.416 
1.416 
1.416 
1.416 
1.416 
1.416 
1.416 
1.416 
1.416 
1.416 
1.416 
1.415 
1.415 
1.415 
1.415 
1.415 
1.415 
1.415 
1.415 
1.415 
1.415 
1.415 
1.414 
1.414 
1.414 
1.414 
1.414 
1.414 
1.414 
1.414 
1.414 
1.414 
1.414 
1.414 
1.414 
1.414 
1.414 
1.414 
1.414 
1.414 
1.414 
1.414 
1.414 
1.413 
1.413 
1.413 
1.413 
1.413 
1.413 
1.413 
1.413 
1.413 
1.413 
1.413 
1.413 
1.413 
1.413 
1.413 
1.413 
1.413 
1.413 
1.413 
1.412 
1.412 
1.412 
1.412 
1.412 
1.412 
1.412 
1.412 
1.412 
1.412 
1.411 
1.411 
1.411 
1.411 
1.411 
1.411 
1.411 
1.411 
1.411 
1.411 
1.411 
1.41 
1.41 
1.41 
1.41 
1.41 
1.41 
1.41 
1.41 
1.41 
1.41 
1.41 
1.41 
1.41 
1.41 
1.41 
1.41 
1.41 
1.41 
1.41 
1.409 
1.409 
1.409 
1.408 
1.408 
1.408 
1.408 
1.408 
1.408 
1.408 
1.408 
1.408 
1.408 
1.408 
1.408 
1.408 
1.408 
1.408 
1.407 
1.407 
1.407 
1.407 
1.407 
1.407 
1.407 
1.407 
1.407 
1.406 
1.406 
1.406 
1.406 
1.406 
1.406 
1.406 
1.406 
1.405 
1.405 
1.405 
1.405 
1.405 
1.405 
1.405 
1.405 
1.405 
1.405 
1.405 
1.405 
1.405 
1.405 
1.405 
1.404 
1.404 
1.404 
1.404 
1.404 
1.403 
1.403 
1.403 
1.403 
1.403 
1.403 
1.403 
1.403 
1.402 
1.402 
1.402 
1.402 
1.402 
1.402 
1.402 
1.402 
1.402 
1.401 
1.401 
1.401 
1.4 
1.4 
1.4 
1.4 
1.4 
1.399 
1.399 
1.399 
1.398 
1.398 
1.398 
1.398 
1.398 
1.398 
1.397 
1.397 
1.397 
1.397 
1.397 
1.397 
1.397 
1.396 
1.396 
1.395 
1.395 
1.395 
1.395 
1.394 
1.394 
1.394 
1.393 
1.393 
1.392 
1.392 
1.392 
1.392 
1.391 
1.391 
1.391 
1.391 
1.391 
1.39 
1.39 
1.39 
1.389 
1.389 
1.389 
1.389 
1.389 
1.389 
1.388 
1.388 
1.387 
1.387 
1.387 
1.387 
1.386 
1.386 
1.386 
1.386 
1.385 
1.385 
1.384 
1.384 
1.384 
1.383 
1.383 
1.382 
1.382 
1.381 
